3.653347806610079740e+00
3.020863150025744126e+00
3.999563692971434214e+00
3.667892241879669335e+00
3.728705698684973591e+00
3.519884933575493147e+00
3.577638501560720385e+00
3.162357594839986241e+00
3.003195314112530490e+00
3.850402572921834743e+00
3.271566874375528400e+00
3.491332903054908066e+00
3.418579713947413889e+00
3.942416270205268969e+00
3.079317803623363936e+00
3.990712480593232137e+00
3.299299076907516337e+00
3.576925132141807406e+00
3.357774905509359531e+00
3.234039460678040268e+00
3.061482612075328902e+00
2.924737494605508914e+00
2.799019178297588617e+00
2.603028367731142989e+00
2.491790177389896499e+00
2.270262457224969221e+00
2.181232011334448551e+00
1.942387744323718080e+00
1.800111394684485333e+00
1.675616456222067452e+00
1.523691445327433280e+00
1.381612701816607114e+00
1.205848545368187086e+00
1.046617982871852703e+00
1.216371238315332670e+00
1.351928913022638845e+00
1.550807514630814010e+00
1.655476650672808470e+00
1.860390510468827863e+00
1.964363117912654610e+00
2.153780864156340957e+00
2.311319924342271293e+00
2.463943448647400558e+00
2.570716438670743287e+00
2.786366238199873280e+00
2.921547971071660754e+00
3.037415571265347225e+00
3.242641849514170005e+00
3.399155648547342423e+00
3.522604993349183200e+00
3.600822162076458000e+00
3.400880825864679657e+00
3.267916979671710020e+00
3.834701877110859414e+00
3.883410615077225625e+00
3.814617977676832083e+00
3.278751500225365323e+00
3.907049695537870626e+00
3.676723174277479522e+00
3.665143441330383389e+00
3.405202764119124037e+00
3.321809852834992416e+00
3.013233596476129872e+00
3.419042348968850398e+00
3.687611117446331743e+00
3.783562354271591488e+00
3.562308437250479187e+00
3.497276058182241076e+00
3.399041374790355619e+00
3.742667089713074269e+00
3.072797400109278598e+00
3.038640376029724699e+00
3.183564414884985094e+00
3.799652720795087646e+00
3.455215194650907762e+00
3.901027938012123553e+00
3.796616772431682385e+00
3.567821525858747567e+00
3.437415402221306593e+00
3.435933697466686532e+00
3.341913512020363797e+00
3.006632561380297552e+00
3.711158934067671389e+00
3.465419616943802517e+00
3.492487348583081186e+00
3.357860846969119795e+00
3.211560458782379168e+00
3.017498378448079777e+00
2.843695310669294596e+00
2.767231442913396400e+00
2.585391387488184645e+00
2.439650023348120200e+00
2.221839344297088736e+00
2.086895508987506975e+00
1.959541198450359234e+00
1.767293415596527861e+00
1.670536531388100210e+00
1.486645177343650648e+00
1.348015567960374694e+00
1.165733368039624906e+00
1.049899838545983011e+00
1.273543217652356896e+00
1.393160150140084763e+00
1.544884706121514961e+00
1.723238642270489507e+00
1.860255123146407952e+00
2.046405246303564240e+00
2.230008773088200336e+00
2.339162470357881496e+00
2.465422230422206873e+00
2.644635061905540319e+00
2.832729431875923964e+00
2.988104536971850855e+00
3.076070914049560123e+00
3.313548426795565938e+00
3.406483603631043966e+00
3.016392391396188977e+00
3.731258453451553159e+00
3.068386069895297830e+00
3.772590069840108029e+00
3.717955169297772144e+00
3.826069017650140403e+00
3.230890892063489783e+00
3.824566602693350248e+00
3.920465746121091222e+00
3.800057641384833040e+00
3.825961127257074157e+00
3.885357735448909722e+00
3.239469930587395297e+00
3.536220698995186762e+00
3.472933171989196488e+00
3.978969017409858644e+00
3.882206775590528736e+00
3.520059479226358867e+00
3.590875774959283007e+00
3.834217692088238483e+00
3.391260542692283941e+00
3.996635100079270586e+00
3.005310572207731568e+00
3.884819389487418562e+00
3.502741343955702469e+00
3.239041878501893734e+00
3.619932655271060451e+00
3.448983548884394068e+00
3.093482349210487481e+00
3.284344452254118085e+00
3.856800314952030906e+00
3.250547671950208439e+00
3.855459274242468037e+00
3.663087506945413185e+00
3.499372805923898877e+00
3.435593257191167371e+00
3.277942306651294935e+00
3.163106482073579251e+00
3.048556004604465297e+00
2.881204312937540202e+00
2.722002040737961259e+00
2.569218592591314021e+00
2.348500563364701588e+00
2.222127528683715880e+00
2.092952949487540515e+00
1.933905133875005511e+00
1.774668065278086848e+00
1.661731594261339540e+00
1.458004795413407439e+00
1.313643758721813715e+00
1.095207141697188025e+00
1.151053623424202810e+00
1.313157019950954130e+00
1.402384530208815594e+00
1.554480697647762977e+00
1.709000432469746755e+00
1.882001000778481759e+00
2.107050878750308609e+00
2.190422182227441894e+00
2.320488060650991891e+00
2.498942613127264067e+00
2.689529866567825334e+00
2.829315726550849064e+00
3.016446146122084393e+00
3.124464864807519504e+00
3.260837703922055297e+00
3.461225050838921291e+00
3.873450812207243743e+00
3.755369889282919260e+00
3.497867602077197713e+00
3.779254582278783303e+00
3.713939588371033995e+00
3.471307424662403385e+00
3.668946621064556712e+00
3.238073388641256933e+00
3.872273148614494787e+00
3.745133126071237939e+00
3.521769776073236713e+00
3.754685770352064189e+00
3.596223565522553400e+00
3.151701989014869199e+00
3.560245704730930605e+00
3.060610080317624604e+00
3.992064739971262100e+00
3.995976529908944030e+00
3.243868877145724028e+00
3.688794700852914943e+00
3.825891398240677255e+00
3.314150954008859173e+00
3.428456059391895572e+00
3.474877509093613259e+00
3.482802723693391389e+00
3.140470509217266226e+00
3.492941481406785620e+00
3.786649491077485497e+00
3.248859544657634046e+00
3.084112755778879222e+00
3.658886585229958133e+00
3.936046789635427867e+00
3.743956126079390323e+00
3.937482304424269497e+00
3.482370508317531588e+00
3.339826340843135011e+00
3.097734323156631220e+00
3.000959536496248248e+00
2.784288963628417157e+00
2.718883336169010789e+00
2.517503233290933728e+00
2.340637761699436048e+00
2.246521046391492860e+00
2.046428861254691256e+00
1.905992165763019885e+00
1.763968643918211621e+00
1.605063220863815365e+00
1.466910028062555771e+00
1.310951776366771293e+00
1.069822566309532652e+00
1.118752102064120901e+00
1.318542646837337351e+00
1.424410480748480756e+00
1.667943473578144431e+00
1.747249226447060044e+00
1.939210468060048598e+00
2.113748052975791936e+00
2.213772362665180626e+00
2.354177595077541874e+00
2.564192034997348379e+00
2.696641746167232512e+00
2.869196147140031350e+00
3.004463202646593167e+00
3.214608227907243432e+00
3.332046044930657924e+00
3.507165044495446971e+00
3.595779778044956743e+00
3.266530166687418468e+00
3.913683919728278671e+00
3.679045586635139031e+00
3.153263720874449838e+00
3.598462398040716881e+00
3.860225357140943281e+00
3.386866862563365110e+00
3.587476674656086217e+00
3.620148187745942714e+00
3.197476127866498707e+00
3.308070881339070013e+00
3.507228417348120075e+00
3.604487936640397461e+00
3.632141502510734199e+00
3.009506929905795491e+00
3.498605176046045262e+00
3.048706796285843623e+00
3.063826542375450490e+00
3.163820984734722508e+00
3.189991487466719011e+00
3.341794190442897161e+00
3.559581076200495353e+00
3.888843714558976039e+00
3.164607064291502070e+00
3.733088132574605922e+00
3.482900622654958589e+00
3.047831147098227333e+00
3.985437300310721742e+00
3.172867895595323340e+00
3.274852326886082299e+00
3.614518534570435815e+00
3.096981417171022599e+00
3.346548688522538839e+00
3.048590429196818441e+00
3.377849828418542089e+00
3.227867486674099951e+00
3.092093143617700157e+00
2.933463180361035150e+00
2.846621251272130060e+00
2.665745652250235409e+00
2.530371228987811527e+00
2.381215990636931679e+00
2.132930967722847626e+00
2.066329980638962560e+00
1.843562625470364313e+00
1.686210123583686826e+00
1.536833843551859813e+00
1.432729609268213578e+00
1.275924451060618026e+00
1.050435092797396441e+00
1.220984455041635774e+00
1.325934961645069521e+00
1.537109293406152322e+00
1.673797715318637191e+00
1.822878552049791656e+00
1.966077603443459054e+00
2.091856504185514609e+00
2.269928052208517233e+00
2.387682062961898666e+00
2.558275387193286399e+00
2.711186362110243220e+00
2.854157405259376112e+00
3.013325345905218722e+00
3.159147792203444993e+00
3.382201865786599537e+00
3.528952918151046614e+00
3.534351062221158912e+00
3.889316036255280551e+00
3.458792265578266356e+00
3.750752039198053556e+00
3.039594842749734127e+00
3.087685147232608784e+00
3.403212429255375149e+00
3.404609089629597740e+00
3.614892716237669390e+00
3.939278293077465687e+00
3.079379672429896964e+00
3.410216111649623016e+00
3.827511319036326576e+00
3.567663661721540258e+00
3.249944087782178137e+00
3.357412797901980106e+00
3.647930396210874449e+00
